0 0
1 0
2 0
3 0
4 0
5 0
6 0
7 0
8 0
9 0
10 0
11 0
12 0
13 0
14 0
15 0
16 0
17 0
18 0
19 0
20 0
21 0
22 0
23 0
24 0
25 0
26 0
27 0
28 0
29 0
30 0
31 0
32 0
33 0
34 0
35 0
36 0
37 0
38 0
39 0
40 0
41 0
42 0
43 0
44 0
45 0
46 0
47 0
48 0
49 0
50 0
51 0
52 0
53 0
54 0
55 0
56 0
57 0
58 0
59 0
60 0
61 0
62 0
63 0
64 0
65 0
66 0
67 0
68 0
69 0
70 0
71 0
72 0
73 0
74 0
75 0
76 0
77 0
78 0
79 0
80 0
81 0
82 0
83 0
84 0
85 0
86 0
87 0
88 0
89 0
90 0
91 0
92 0
93 0
94 0
95 0
96 0
97 0
98 0
99 0
100 0
101 0
102 0
103 0
104 0
105 0
106 0
107 0
108 0
109 0
110 0
111 0
112 0
113 0
114 0
115 0
116 0
117 0
118 0
119 0
120 0
121 0
122 0
123 0
124 0
125 0
126 0
127 0
128 0
129 0
130 0
131 0
132 0
133 0
134 0
135 0
136 0
137 0
138 0
139 0
140 1
141 0
142 0
143 0
144 0
145 0
146 1
147 0
148 0
149 0
150 1
151 0
152 0
153 0
154 2
155 2
156 0
157 0
158 1
159 3
160 1
161 0
162 1
163 1
164 3
165 1
166 3
167 4
168 1
169 1
170 3
171 4
172 0
173 5
174 2
175 6
176 1
177 4
178 5
179 6
180 5
181 4
182 6
183 13
184 11
185 7
186 8
187 7
188 7
189 13
190 9
191 11
192 14
193 14
194 11
195 10
196 11
197 22
198 12
199 17
200 15
201 18
202 20
203 7
204 15
205 14
206 14
207 13
208 13
209 17
210 16
211 9
212 10
213 20
214 15
215 13
216 17
217 14
218 7
219 6
220 15
221 11
222 21
223 16
224 11
225 11
226 11
227 18
228 13
229 12
230 7
231 12
232 21
233 11
234 16
235 7
236 14
237 6
238 6
239 9
240 8
241 6
242 9
243 6
244 5
245 9
246 6
247 5
248 7
249 5
250 5
251 4
252 5
253 9
254 8
255 4
256 6
257 3
258 7
259 4
260 3
261 7
262 6
263 2
264 3
265 4
266 2
267 3
268 3
269 3
270 4
271 1
272 3
273 4
274 2
275 3
276 4
277 2
278 2
279 2
280 1
281 0
282 1
283 1
284 1
285 1
286 1
287 0
288 4
289 2
290 1
291 1
292 0
293 0
294 0
295 1
296 0
297 0
298 1
299 0
300 0
301 0
302 0
303 0
304 1
305 1
306 0
307 0
308 1
309 0
310 1
